0.0212078 0.0206616 0.023221
0.0225624 0.0206859 0.0253993
0.0252478 0.0217621 0.0275008
0.0279973 0.023941 0.03074
0.0332632 0.0270966 0.0357336
0.0386974 0.0317586 0.040435
0.042674 0.0375654 0.0441667
0.0461011 0.0419579 0.0470906
0.0490259 0.0452291 0.0505141
0.0529755 0.0489169 0.0550023
0.0588372 0.0539747 0.0611586
0.06501 0.0603746 0.0686473
0.0712592 0.0671912 0.0770335
0.0787544 0.0745373 0.0843115
0.085391 0.0814842 0.0898414
0.090867 0.0872723 0.0943826
0.0961616 0.0924639 0.0988846
0.100645 0.0976292 0.103483
0.104332 0.10191 0.107762
0.108282 0.105909 0.111667
0.113092 0.110914 0.115708
0.118623 0.116654 0.120692
0.124415 0.1228 0.126872
0.130263 0.130033 0.133635
0.136115 0.137713 0.141066
0.142604 0.144958 0.148804
0.150243 0.151662 0.156742
0.15786 0.15851 0.164681
0.165136 0.16539 0.172279
0.172629 0.172239 0.178789
0.180048 0.178676 0.184405
0.187137 0.184997 0.189768
0.192788 0.190859 0.195134
0.198102 0.196876 0.200642
0.202986 0.201942 0.206693
0.207566 0.206412 0.21225
0.212499 0.210675 0.216853
0.217223 0.21578 0.221419
0.222385 0.221525 0.225672
0.227328 0.22752 0.230215
0.232803 0.23349 0.235634
0.238213 0.24008 0.241541
0.24368 0.247245 0.249323
0.248774 0.254986 0.2567
0.254454 0.263118 0.265045
0.260252 0.271102 0.274306
0.266473 0.279987 0.283277
0.273871 0.287931 0.291129
0.281338 0.2945 0.299836
0.289821 0.299636 0.308522
0.299179 0.304741 0.317107
0.30905 0.310277 0.325376
0.318418 0.318097 0.33455
0.327124 0.326511 0.342958
0.335156 0.334375 0.350694
0.34348 0.342394 0.357546
0.351212 0.349566 0.363062
0.359226 0.356606 0.367758
0.367388 0.363271 0.372465
0.374851 0.369963 0.377043
0.381931 0.377136 0.382562
0.388434 0.384395 0.388353
0.394573 0.391523 0.394689
0.400348 0.398718 0.402563
0.406292 0.405462 0.409472
0.411493 0.410556 0.417265
0.41741 0.416186 0.424695
0.423671 0.421503 0.432618
0.430018 0.427432 0.43935
0.436385 0.434643 0.445316
0.442225 0.442034 0.450483
0.448248 0.449143 0.455976
0.453899 0.455839 0.462779
0.459876 0.462783 0.469442
0.465885 0.469831 0.477406
0.47277 0.477647 0.48477
0.480216 0.487043 0.492042
0.486992 0.496558 0.49884
0.493991 0.50515 0.507671
0.501072 0.514176 0.516888
0.508332 0.523259 0.52777
0.515492 0.532757 0.538427
0.522715 0.543716 0.552604
0.531457 0.553226 0.56341
0.540406 0.563997 0.575869
0.54985 0.573852 0.587667
0.56 0.583644 0.598706
0.57091 0.592624 0.608204
0.583427 0.600593 0.618354
0.595486 0.607282 0.629387
0.60843 0.613188 0.640369
0.621378 0.620704 0.652473
0.634269 0.630301 0.664614
0.64742 0.642005 0.678108
0.658852 0.654302 0.691013
0.669572 0.665885 0.704443
0.681662 0.678052 0.717374
0.69277 0.688811 0.728432
0.70433 0.699568 0.738046
0.71652 0.710745 0.744873
0.72844 0.722685 0.750647
0.740245 0.733134 0.755729
0.752391 0.744222 0.761055
0.765556 0.755633 0.76681
0.777322 0.766181 0.774106
0.78667 0.776283 0.78318
0.79704 0.785308 0.791036
0.805651 0.794245 0.800513
0.8133 0.803166 0.80933
0.821177 0.811121 0.817863
0.828374 0.817608 0.827325
0.835409 0.824094 0.83657
0.843767 0.830515 0.845413
0.85141 0.837151 0.855006
0.859646 0.844713 0.863868
0.869781 0.85384 0.872846
0.87785 0.862545 0.881986
0.887786 0.872462 0.890312
0.894997 0.883106 0.897911
0.905106 0.89356 0.907189
0.914605 0.903398 0.916921
0.924134 0.914202 0.925828
0.93597 0.922757 0.936343
0.945487 0.933221 0.947129
0.955658 0.944915 0.958115
0.967495 0.958759 0.968756
0.978178 0.972977 0.979658
0.989062 0.986415 0.991839
1 1 1
1.01151 1.01464 1.00784
1.02423 1.02659 1.01907
1.03529 1.04058 1.03143
1.05044 1.05463 1.04889
1.0625 1.06772 1.0637
1.07473 1.08205 1.08092
1.08764 1.09981 1.09739
1.10326 1.11248 1.11374
1.11571 1.12772 1.13521
1.13184 1.14404 1.15014
1.14757 1.15984 1.16603
1.16489 1.17392 1.18397
1.18206 1.1894 1.20487
1.2015 1.20339 1.22422
1.22059 1.21408 1.24357
1.2404 1.22305 1.26086
1.25755 1.23208 1.28029
1.2784 1.24509 1.29742
1.29519 1.26065 1.31653
1.31704 1.28373 1.33463
1.33686 1.30994 1.35561
1.35293 1.32923 1.3764
1.37277 1.35056 1.40062
1.39193 1.3746 1.42264
1.41173 1.39346 1.44654
1.42995 1.41528 1.46747
1.45195 1.43378 1.4885
1.46929 1.45331 1.50517
1.48897 1.47321 1.51822
1.51419 1.4909 1.5304
1.53969 1.51089 1.54371
1.56256 1.52883 1.55538
1.58665 1.5457 1.56965
1.60928 1.56502 1.58565
1.63038 1.58328 1.6007
1.64884 1.59965 1.61408
1.66939 1.61922 1.63028
1.68471 1.63741 1.64587
1.70127 1.65958 1.66382
1.71764 1.68051 1.68358
1.73553 1.6957 1.70238
1.75359 1.70987 1.72085
1.77211 1.72482 1.74488
1.79369 1.74006 1.76622
1.81193 1.75667 1.78989
1.83323 1.77255 1.81049
1.85234 1.79054 1.82886
1.87224 1.81281 1.8485
1.89044 1.83634 1.86382
1.91286 1.8606 1.87981
1.93001 1.88396 1.89827
1.95392 1.90409 1.9169
1.97757 1.92432 1.93577
1.99945 1.94786 1.96217
2.02595 1.97593 1.98769
2.05135 2.00596 2.01791
2.07827 2.03197 2.04198
2.10434 2.06182 2.06483
2.13822 2.08838 2.08757
2.17171 2.11362 2.1186
2.2028 2.14852 2.14148
2.23426 2.17722 2.17734
2.27409 2.20404 2.21171
2.31067 2.23468 2.25569
2.3506 2.26389 2.28908
2.40357 2.29764 2.33079
2.44884 2.33288 2.36356
2.48857 2.36442 2.40762
2.54414 2.39714 2.44185
2.58766 2.42716 2.48331
2.63338 2.45225 2.52148
2.67242 2.48072 2.56135
2.7132 2.51066 2.60596
2.76585 2.56406 2.63902
2.81742 2.63364 2.67632
2.86038 2.69447 2.72182
2.91668 2.74526 2.76583
2.96432 2.79502 2.80315
3.01463 2.84164 2.84144
3.0694 2.89967 2.89333
3.12023 2.94742 2.93537
3.18364 2.99323 2.98541
3.2391 3.0384 3.02867
3.2942 3.08754 3.06383
3.34197 3.13983 3.09836
3.39058 3.19873 3.13775
3.43999 3.25947 3.17496
3.49111 3.31681 3.2432
3.54457 3.36476 3.32523
3.59993 3.4085 3.38095
3.6531 3.44658 3.45397
3.71059 3.48605 3.50974
3.78347 3.52954 3.56464
3.8574 3.57735 3.5934
3.93792 3.63067 3.65352
4.01089 3.6869 3.70238
4.04154 3.7486 3.73315
4.07947 3.80882 3.78653
4.18187 3.86421 3.80786
4.25065 3.92838 3.86564
4.30334 4.00407 3.92027
4.36707 4.07599 3.97742
4.45173 4.1576 4.0555
4.50616 4.24891 4.09851
4.56308 4.33846 4.12293
4.63108 4.43437 4.14353
4.75882 4.54107 4.19954
4.87647 4.64033 4.22852
4.97935 4.75976 4.30667
5.07274 4.88501 4.36931
5.14466 4.99918 4.44075
5.0709 5.09606 4.52821
5.32408 5.17929 4.59862
5.49899 5.33113 4.68582
5.47719 5.52868 4.78526
5.65508 5.6975 4.89679
5.84374 5.85188 4.99551
6.00215 6.03203 5.11979
5.80977 6.22962 5.23741
6.12482 6.4506 5.35984
6.43258 6.66329 5.54544
6.32214 6.86894 5.72357
6.59276 7.06916 5.93371
6.62582 7.35512 6.11122
7.32697 7.83769 6.50881
8.04077 8.78291 6.7074
